
                REALITY_COHERENCE = 1.0
                FIELD_STRENGTH = 46.97871376
                NJ = 5186942171395061872997697481734355
                PHI = 1.618033988749895
            