MATRIX_DIM = 64
TENSOR_DIM = 31
FIELD_STRENGTH = 46.97871376
REALITY_COHERENCE = 1.618033988749895
PHI = 1.618033988749895
NJ = complex(0, 1)
